procs -----------memory---------- ---swap-- -----io---- -system-- -------cpu-------
 r  b   swpd   free   buff  cache   si   so    bi    bo   in   cs us sy id wa st gu
 6  0      0 7419164   7408 134844    0    0    76   565 4774   12 20 12 57  0 10  0
 6  0      0 7331712   7408 134852    0    0     0    34 17892 31811 22 59 13  0  5  0
 6  0      0 7372108   7408 134852    0    0     0     2 14404 25120 18 47 34  0  1  0
 5  0      0 7363548   7408 134852    0    0     0     2 17362 30383 22 57 16  0  4  0
 0  0      0 7337252   7408 134852    0    0     0     2 16271 28505 20 51 27  0  2  0
 6  0      0 7354680   7408 134852    0    0     0     2 11382 16721 20 55 21  0  4  0
 5  0      0 7402868   7408 134852    0    0     0     2 9645 12528 20 60 11  0  9  0
 7  0      0 7426928   7416 134928    0    0    15    11 8138 10689 16 40 41  0  3  0
 6  0      0 7410708   7416 135044    0    0    23    56 11576 16418 22 63 10  0  5  0
 4  0      0 7389908   7880 140048    0    0  1063     3 9171 12909 17 42 38  0  3  0
 6  0      0 7384620   7880 140136    0    0    26     6 16271 28769 22 57 15  0  7  0
 1  0      0 7326372   7880 140272    0    0    26     3 17382 30926 21 59 13  0  7  0
 7  0      0 7372080   7880 140468    0    0    39     4 12093 20256 16 40 40  0  4  0
 6  0      0 7313156   7888 140472    0    0     0    22 19496 35265 24 63 11  0  2  0
 6  0      0 7316404   7888 140664    0    0    36    14 12098 19457 16 45 37  0  2  0
 6  0      0 7324804   7888 140768    0    0    26   206 12690 19042 23 63 11  0  3  0
 0  0      0 7292896   7888 140856    0    0    18     5 10070 14494 18 50 31  0  2  0
 6  0      0 7304108   7912 140976    0    0    27    74 13383 20816 23 61 15  0  1  0
 6  0      0 7334216   7912 141172    0    0    39    58 12870 19165 23 66  9  0  2  0
 9  0      0 7301860   7924 141532    0    0   108     5 13307 22306 18 43 38  0  2  0
 6  0      0 7298684   8324 142232    0    0   199   140 18424 33773 24 62 10  0  3  0
procs -----------memory---------- ---swap-- -----io---- -system-- -------cpu-------
 r  b   swpd   free   buff  cache   si   so    bi    bo   in   cs us sy id wa st gu
 7  0      0 7358440   8324 152248    0    0   120     6 10957 18322 16 36 40  0  8  0
 6  0      0 7347552  11600 168920    0    0   737  2051 15257 26832 20 53 15  0 11  0
 0  0      0 7336948  11668 169148    0    0    22  2757 15732 27176 21 53 21  0  5  0
 6  0      0 7404584  11680 172856    0    0    68  1002 7991 9853 17 46 29  0  7  0
 4  0      0 7293684  17736 211140    0    0   149  1852 9043 11315 21 58 10  0 11  0
 3  0      0 7280572  17900 263988    0    0 10627   862 6204 6806 14 35 35  1 15  0
 9  0      0 7020356  22444 435492    0    0 34598  5495 7044 8030 25 46  8  4 16  0
 5  0      0 6856816  22648 457352    0    0  2973  1413 5668 4708 61 30  1  1  7  0
 8  0      0 6873700  22804 482336    0    0  2322   480 9112 13241 55 33  2  1 10  0
10  0      0 6720752  23000 496516    0    0  1390     5 11020 17488 61 32  2  0  5  0
 8  0      0 6764060  23048 505568    0    0   987  5559 8338 11133 65 21  6  0  7  0
 7  0      0 6644696  23048 506820    0    0   242     4 9634 18198 56 30  7  0  8  0
 9  0      0 6436764  23068 516376    0    0   290   322 7762 11234 57 25 15  0  3  0
 6  0      0 6445664  23068 520844    0    0   610   139 6648 6753 66 27  4  0  3  0
10  0      0 6421516  23068 531948    0    0    24     4 6447 5632 60 24 11  0  5  0
 5  0      0 6427296  23072 545140    0    0    58     2 6606 6002 64 30  2  0  4  0
 6  0      0 6692112  23076 568764    0    0   109    50 7714 8745 47 34 10  0  8  0
 4  0      0 6644444  23076 573272    0    0   127   254 9331 14508 33 22 32  0 13  0
 8  0      0 6447616  23088 574356    0    0   206  1959 10299 18498 55 33  7  0  6  0
 3  0      0 6509948  23088 578536    0    0   157   537 7960 12699 53 24 16  0  7  0
 4  0      0 6445100  23088 579580    0    0    86  1802 9626 17017 57 30  6  0  8  0
procs -----------memory---------- ---swap-- -----io---- -system-- -------cpu-------
 r  b   swpd   free   buff  cache   si   so    bi    bo   in   cs us sy id wa st gu
 7  0      0 6625560  23088 580280    0    0   114     5 7882 12360 56 22 16  0  6  0
 8  0      0 6695588  23088 580536    0    0    34  7888 6718 7658 57 30  6  0  7  0
 1  0      0 6724200  23088 587460    0    0   100   140 6340 6723 55 29  9  0  6  0
 9  0      0 6747228  23100 596924    0    0    53    37 7866 11488 36 40 20  0  4  0
 7  0      0 6671916  23100 597152    0    0    18     2 8238 11732 41 46  6  0  7  0
 1  0      0 6692476  23100 604556    0    0  1485   900 4228 3825 31 15 52  0  2  0
 1  0      0 6750180  23100 604560    0    0     0     8 2675  635 25  1 73  0  1  0
 1  0      0 6749884  23100 604696    0    0    27     4 2759  657 25  1 73  0  1  0
 1  0      0 6715104  23100 612584    0    0  1577     4 2861  669 24  2 71  0  3  0
 1  0      0 6627516  23112 613972    0    0   309  3086 3073  925 24  5 66  0  6  0
 1  0      0 6633932  23112 614360    0    0    75     6 2687  660 24  1 71  0  4  0
 1  0      0 6651400  23112 614976    0    0    98   250 2992  729 24  2 69  0  6  0
 1  0      0 6675324  23112 615208    0    0    46     6 2858  686 24  1 71  0  4  0
 1  0      0 6679656  23112 616660    0    0   290     3 2823  671 24  1 71  0  3  0
 1  0      0 6689508  23112 617416    0    0   151     6 2732  644 25  1 72  0  2  0
 1  0      0 6689116  23120 618956    0    0   316    25 2682  638 25  1 73  0  1  0
 1  0      0 6696412  23120 619360    0    0    94     4 2657  628 25  1 73  0  1  0
 1  0      0 6663292  23120 620116    0    0   129   127 2642  639 25  1 73  0  1  0
 1  0      0 6661276  23120 620936    0    0   163     6 2713  638 25  1 73  0  1  0
 1  0      0 6650576  23120 621064    0    0    26     3 2844  678 25  1 72  0  2  0
 4  0      0 6637064  23484 643028    0    0    50     6 3978 1413 48 12 39  0  1  0
procs -----------memory---------- ---swap-- -----io---- -system-- -------cpu-------
 r  b   swpd   free   buff  cache   si   so    bi    bo   in   cs us sy id wa st gu
 2  0      0 6468588  23616 658040    0    0     2  6968 4244  982 67  9 24  0  0  0
 3  0      0 6208820  23616 667616    0    0     0     4 3999  717 60  4 35  0  1  0
 6  0      0 6259404  23620 691088    0    0     0     6 5394  870 80  6 10  0  3  0
 1  0      0 6535308  23624 713980    0    0     0   128 3573  803 37  5 55  0  2  0
 3  0      0 6314772  23624 718760    0    0    17     4 3011  662 29  4 65  0  3  0
 2  0      0 6235120  23624 722444    0    0     0    65 3224  643 47  3 49  0  1  0
 2  0      0 6384892  23624 722776    0    0     0 12854 3232  651 49  2 48  0  1  0
 1  0      0 6581780  23636 729196    0    0     0   249 3053  660 45  1 52  0  1  0
 1  0      0 6669492  23640 738468    0    0     0    49 2466  667 23  3 74  0  1  0
 1  0      0 6558728  23640 738472    0    0     0     6 2849  659 23  2 72  0  2  0
 1  0      0 6638496  23640 738472    0    0     0    59 2929  682 25  1 72  0  2  0
 1  0      0 6648192  23640 738492    0    0     4     3 2949  674 25  1 72  0  3  0
 1  0      0 6639428  23640 738492    0    0     0    48 2755  671 25  1 71  0  3  0
 1  0      0 6642480  23652 738488    0    0     0  1308 2867  685 25  1 72  0  2  0
 1  0      0 6579668  23660 738484    0    0     0  1876 3078  701 23  3 71  0  3  0
 1  0      0 6508100  23660 738484    0    0     0     6 2707  649 24  2 71  0  3  0
 1  0      0 6508352  23660 738528    0    0     8     2 2889  677 24  1 72  0  3  0
 1  0      0 6538012  23660 738528    0    0     0     4 2887  680 24  1 70  0  5  0
 1  0      0 6557160  23660 738584    0    0     8     6 2916  696 24  1 70  0  4  0
 1  0      0 6567660  23664 738592    0    0     1     9 2781  665 24  1 69  0  6  0
 1  0      0 6565584  23672 738596    0    0     0   199 2854  687 24  1 70  0  5  0
procs -----------memory---------- ---swap-- -----io---- -system-- -------cpu-------
 r  b   swpd   free   buff  cache   si   so    bi    bo   in   cs us sy id wa st gu
 2  0      0 6566044  23672 738596    0    0     0     4 2801  666 24  1 71  0  4  0
 1  0      0 6564280  23672 740948    0    0   470     6 2858  674 25  1 71  0  3  0
 2  0      0 6566552  23672 741092    0    0    28     5 2729  661 24  1 71  0  3  0
 1  0      0 6540848  23672 741096    0    0     0     7 2816  664 24  1 72  0  2  0
 1  0      0 6538080  23672 741096    0    0     0     5 2674  634 25  1 74  0  0  0
 1  0      0 6523212  23680 741100    0    0     0   157 2936  691 25  1 73  0  1  0
 0  0      0 6804472  23692 745112    0    0    65     7 2568  740 17  3 80  0  1  0
 0  0      0 6829732  23692 745112    0    0     0     6 1843  661  0  1 98  0  1  0
 0  0      0 6835308  23692 745116    0    0     0     3 1684  646  0  1 97  0  2  0
 0  0      0 6836268  23692 745184    0    0    14     6 1837  659  0  1 97  0  2  0
 0  0      0 6838036  23692 745188    0    0     0     6 1770  675  0  1 96  0  3  0
 0  0      0 6837280  23704 745188    0    0     0   213 1880  684  0  1 98  0  1  0
 0  0      0 6696244  25528 779052    0    0  6945   699 2658 1611 11  4 82  3  1  0
 2  0      0 6510576  25528 779984    0    0    19    16 2980 3123 23  5 70  0  2  0
 0  0      0 6374332  25528 780020    0    0     6     5 3009 1768 24  4 70  0  3  0
 2  0      0 6090696  25528 808640    0    0     0     7 4518 5984 12 30 57  0  1  0
 3  0      0 5910132  25528 812052    0    0     0    28 5330 3259 22 44 33  0  1  0
 4  0      0 5691816  25536 813640    0    0     0    30 5115 3828 46 18 34  0  2  0
 5  0      0 5724688  25536 796976    0    0     3   173 4336 3238 48  6 45  0  1  0
 6  0      0 5575464  25536 796968    0    0     0     6 3097 1274 47  3 48  0  1  0
 6  0      0 5463672  25536 796968    0    0     0     6 3033 1150 46  3 47  0  3  0
procs -----------memory---------- ---swap-- -----io---- -system-- -------cpu-------
 r  b   swpd   free   buff  cache   si   so    bi    bo   in   cs us sy id wa st gu
 2  0      0 5286540  25536 796992    0    0     4     4 2986 1071 42  5 47  0  7  0
 5  0      0 5060836  25536 796960    0    0     1     5 3078 1132 43  6 47  0  4  0
 6  0      0 4772132  25544 796948    0    0     0    21 3127 1077 44  7 47  0  3  0
 6  0      0 4480084  25544 796932    0    0     0   143 3074 1060 44  5 48  0  3  0
 6  0      0 4192056  25544 796984    0    0     0     4 3070 1046 45  5 49  0  2  0
 6  0      0 4094604  25544 796952    0    0     0     6 3120 1391 48  3 47  0  2  0
 2  0      0 3853096  25544 796956    0    0     0     6 3050 1115 45  4 48  0  3  0
 6  0      0 3530960  25544 796960    0    0     0     6 3091 1064 45  5 49  0  1  0
 6  0      0 3222116  25552 796964    0    0     0    18 3130 1073 44  6 47  0  2  0
 6  0      0 3124344  25552 796964    0    0     0   130 3133 1378 48  3 47  0  1  0
 6  0      0 2926672  25552 796964    0    0     0     4 3038 1285 47  3 49  0  1  0
 2  0      0 2634648  25552 796992    0    0    11     5 3078 1026 45  5 48  0  2  0
 2  0      0 2324728  25552 796968    0    0     6     6 3223 1157 45  7 45  0  2  0
10  0      0 2051172  25552 796968    0    0     0     6 3064 1038 44  6 48  0  3  0
 6  0      0 1741584  25560 796960    0    0     0    18 3045 1041 44  5 48  0  3  0
 2  0      0 1436020  25560 796896    0    0     0    11 3125 1097 44  6 47  0  2  0
 3  0      0 1178676  25560 796900    0    0     0   146 3141 1051 43  7 46  0  4  0
10  0      0 894812  25560 796904    0    0     0     2 3042 1024 44  5 48  0  2  0
 6  0      0 573744  25560 796900    0    0     0     5 3050 1046 44  5 48  0  2  0
 2  0      0 158292  25560 801620    0    0     0     6 3375 1282 45  9 44  0  1  0
 2  0      0 170316  16624 537144    0    0     0    20 3075 1046 43  7 47  0  3  0
procs -----------memory---------- ---swap-- -----io---- -system-- -------cpu-------
 r  b   swpd   free   buff  cache   si   so    bi    bo   in   cs us sy id wa st gu
11  0      0 165852   6700 256232    0    0     4    10 3097 1060 43  7 47  0  3  0
 2  0      0 142144    316  90360    0    0   703   142 3402 1149 42 10 42  0  5  0
 2  0      0 3558176   3660 108148    0    0 29208    56 4516 2106 21 40 19  4 16  0
 6  0      0 3467056   3796 118528    0    0  2083    12 2743  876 24  5 62  1  9  0
 1  0      0 3354048   4060 119388    0    0   237     5 2650  869 25  4 65  0  6  0
 1  0      0 3223796   4852 128672    0    0  2353     5 2760  919 26  6 61  1  7  0
 1  0      0 3089216   4860 128632    0    0     1    24 2525  816 25  4 66  0  5  0
 1  0      0 2932892   4860 129932    0    0   302    17 2704  819 25  4 65  0  6  0
 1  0      0 2796536   4860 130092    0    0    41   310 2549  806 24  4 64  0  8  0
 1  0      0 2624860   4860 130108    0    0    26     5 2536  814 25  4 66  0  5  0
 1  0      0 2469192   4860 130464    0    0    99     6 2608  782 26  4 66  0  4  0
 5  0      0 2277988   4884 130880    0    0    98    93 2873  846 27  4 67  0  3  0
 1  0      0 2111200   4888 131024    0    0    60    13 2421  826 26  4 67  0  4  0
 1  0      0 1950776   4888 130952    0    0    54     5 2675  856 26  4 66  0  5  0
 5  0      0 1916668   4888 132448    0    0   298     3 2944 1192 41  2 51  0  6  0
 5  0      0 1893264   4908 133436    0    0   207    93 3046 1313 47  2 47  0  4  0
 5  0      0 1845712   4908 134064    0    0   157     6 3062 1326 49  1 49  0  1  0
 1  0      0 1768888   4916 134512    0    0    91    20 2992 1285 47  1 51  0  1  0
 1  0      0 1581012   4916 134780    0    0    51    12 2643  906 28  3 68  0  1  0
 1  0      0 1364728   4916 134760    0    0    91     6 2647  869 27  3 68  0  1  0
 1  0      0 1199340   9196 159472    0    0  5729     8 3418 1258 31  3 65  1  1  0
procs -----------memory---------- ---swap-- -----io---- -system-- -------cpu-------
 r  b   swpd   free   buff  cache   si   so    bi    bo   in   cs us sy id wa st gu
 7  0      0 1006352  10696 184876    0    0  5233   234 4466 3952 31  9 59  1  0  0
 5  0      0 716200  10696 185200    0    0   102     6 5762 7402 33 19 48  0  1  0
 1  0      0 467400  10704 184776    0    0     0    28 2835 1029 27  3 68  0  1  0
 1  0      0 156840  10704 184568    0    0     0    18 2805 1059 27  3 69  0  0  0
 5  0      0 150828    916 154196    0    0    42     5 2925 1061 30  2 68  0  1  0
 1  0      0 145600    916 154140    0    0    43     2 2855  960 29  2 68  0  2  0
 1  0      0 145484    916 154140    0    0    55   130 2681 1032 31  2 67  0  1  0
 1  0      0 150760    916 153808    0    0     0     6 2770 1009 30  2 68  0  1  0
 1  0      0 151768    916 153620    0    0    26     6 3070 1052 29  2 69  0  0  0
 1  0      0 153636    924 153424    0    0    18    16 2812 1039 30  1 68  0  0  0
 5  0      0 156076    924 153832    0    0   146    10 2797 1010 30  2 67  0  1  0
 1  0      0 157416    924 153512    0    0     0     6 2824 1054 29  2 69  0  0  0
 5  0      0 148988    924 153064    0    0     0   133 2685 1019 30  2 67  0  1  0
 1  0      0 150208    924 152448    0    0    22     6 2753  994 29  2 69  0  1  0
 1  0      0 159568    924 152064    0    0     0     6 2762  964 31  2 66  0  1  0
 1  0      0 162244    932 151724    0    0    17    14 2668  943 28  2 69  0  1  0
 5  0      0 157812    932 151268    0    0     6    10 2547  958 29  2 68  0  2  0
 1  0      0 170180    932 151268    0    0    67     6 2919 1037 30  2 66  0  2  0
 1  0      0 170488    932 151036    0    0    25     4 2907  955 29  2 68  0  1  0
 1  0      0 171324    932 150764    0    0    14   140 2776  980 31  2 66  0  1  0
 1  0      0 174456    932 150236    0    0     3     6 2874  991 29  2 69  0  1  0
procs -----------memory---------- ---swap-- -----io---- -system-- -------cpu-------
 r  b   swpd   free   buff  cache   si   so    bi    bo   in   cs us sy id wa st gu
 1  0      0 181760    940 149748    0    0    26    76 2948 1073 31  2 67  0  1  0
 1  0      0 183628    940 149148    0    0    13     8 2861 1004 29  2 69  0  1  0
 1  0      0 186000    940 148136    0    0     2     6 2762 1064 30  1 68  0  0  0
 1  0      0 189728    940 147612    0    0    51     4 2745 1088 29  2 69  0  0  0
 1  0      0 193680    940 147128    0    0    10     6 2895 1061 30  2 68  0  0  0
 5  0      0 197028    940 147036    0    0    25     7 2661  955 29  2 69  0  1  0
 5  0      0 196648    948 146748    0    0     0   134 2795  969 31  2 65  0  1  0
 1  0      0 197952    952 146600    0    0     0    10 2674  944 29  2 68  0  1  0
 1  0      0 209228    952 146496    0    0    33     6 2754  912 27  2 66  0  4  0
 2  0      0 167916    952 146512    0    0    36    67 2672  895 28  2 67  0  3  0
 1  0      0 187124    952 146428    0    0    21     6 2946  988 31  2 64  0  2  0
 1  0      0 194664    952 146288    0    0     0     6 2639  868 27  2 65  0  6  0
 1  0      0 201092    960 146404    0    0    26    17 2693  870 28  2 66  0  4  0
 6  0      0 201052    960 146268    0    0    24    11 2848  854 27  2 64  0  6  0
 1  0      0 200080    960 146184    0    0    22     5 2672  832 26  2 63  0  9  0
 1  0      0 199596    960 146172    0    0    16   147 2919 1040 31  2 60  0  7  0
 2  0      0 204020    960 145732    0    0    14     5 2776  919 28  2 67  0  3  0
 1  0      0 209908    960 145132    0    0     2     6 2811  875 27  2 66  0  5  0
 1  0      0 212696    968 144684    0    0     0    16 2570  870 27  2 67  0  4  0
 1  0      0 212996    968 144380    0    0    10    12 2844  875 27  2 64  0  7  0
 1  0      0 214984    968 144220    0    0    14     4 2753  966 29  2 61  0  8  0
procs -----------memory---------- ---swap-- -----io---- -system-- -------cpu-------
 r  b   swpd   free   buff  cache   si   so    bi    bo   in   cs us sy id wa st gu
 5  0      0 215436    968 143948    0    0     0   139 2723  871 26  2 64  0  7  0
 1  0      0 217620    968 143872    0    0     0     6 2569  859 26  2 64  0  7  0
 1  0      0 220536    968 143644    0    0    12     6 2943  879 28  2 66  0  4  0
 1  0      0 225132    976 143508    0    0     0    14 2721  894 28  2 67  0  4  0
 1  0      0 225856    976 143408    0    0     0    10 2614  948 30  2 62  0  6  0
 1  0      0 229344    976 143264    0    0    13     6 2718  864 27  2 66  0  5  0
 5  0      0 228484    976 143168    0    0     0     2 2776  855 27  2 66  0  5  0
 1  0      0 232408    976 143048    0    0    14   127 2603  908 28  2 68  0  2  0
 1  0      0 229268   1000 142884    0    0    13    73 2582  893 28  2 67  0  3  0
 1  0      0 232652   1000 142696    0    0     0    10 2711  976 32  2 63  0  3  0
 1  0      0 236816   1000 142600    0    0     0     6 2841  898 28  2 67  0  3  0
 1  0      0 238784   1000 142296    0    0     0     6 2603  928 28  2 67  0  3  0
 1  0      0 240948   1456 143748    0    0   433     4 2641  996 29  2 68  0  2  0
 1  0      0 242332   1456 143560    0    0     0   139 2741  988 31  2 65  0  3  0
 1  0      0 246148   1464 143352    0    0     0    19 2701  950 29  2 68  0  1  0
 0  0      0 241904   1464 143260    0    0     0     2 2305  764 12  1 87  0  1  0
 1  0      0 141624   1604 149936    0    0    91    10 2638 1649  8  4 88  0  1  0
 1  0      0 147836    776 123744    0    0   314     6 4398 3745 26  3 70  0  1  0
 1  0      0 169000   2736 115776    0    0  5826     6 5028 4017 30  5 63  1  1  0
 6  0      0 196404   3168 114160    0    0   457   239 4320 3464 29  4 67  0  1  0
 1  0      0 137008   5012 141512    0    0  4523     8 3599 1982 32  5 61  0  1  0
procs -----------memory---------- ---swap-- -----io---- -system-- -------cpu-------
 r  b   swpd   free   buff  cache   si   so    bi    bo   in   cs us sy id wa st gu
 1  0      0 151736   5024 141480    0    0    38    30 2618 1050 29  1 69  0  1  0
 1  0      0 147884   5136 142828    0    0   322    23 2995 1354 30  3 67  0  0  0
 5  0      0 157652   2532  87068    0    0  8596     6 7287 9429 38 36 23  1  2  0
 9  0      0 156636   2752  81000    0    0 21946   250 6388 5753 34 58  3  1  3  0
 5  0      0 151948   4296  76024    0    0 16169     2 6336 5782 34 58  3  1  3  0
 4  0      0 158876   2196  87032    0    0 38530    85 6723 6044 32 62  3  1  2  0
 4  0      0 166816   1412  75068    0    0 32070    98 6663 6135 32 60  4  1  3  0
 8  0      0 159804    416  68624    0    0 112931   109 8259 7318 17 78  3  1  1  0
 4  1      0 150624    348  70220    0    0 76403    72 6869 4812 24 66  8  0  1  0
 9  0      0 141332    348  62724    0    0 174810   114 8896 7199 11 87  0  1  1  0
 7  1      0 132292    252  66612    0    0 123330   207 8326 7583 18 79  1  1  1  0
 6  0      0 7271264   7328 133224    0    0 69383    73 6644 5543 11 81  4  2  3  0
 5  0      0 7425112   7652 135920    0    0  1314    34 7024 7777 20 45 30  0  5  0
 0  0      0 7424780   7924 141208    0    0  1104    10 5774 6381 14 30 55  0  2  0
 0  0      0 7436984   8352 144180    0    0   653     6 2349  964  1  3 94  0  2  0
 6  0      0 7437164   8364 148364    0    0   836     7 3919 3744  7 16 76  0  1  0
 0  0      0 7421680   8364 149088    0    0   173     3 2695 1828  4 11 84  0  1  0
 0  0      0 7415144   8364 150064    0    0   165   443 3782 3214  8 18 73  0  1  0
 1  0      0 7436616   8372 150252    0    0    29    33 3942 3275 10 23 64  0  3  0
 1  0      0 7417028   8372 150312    0    0    12    20 4083 3430  9 24 62  0  4  0
 4  0      0 7433452   8372 150528    0    0    43     5 2269 1044  2  5 87  0  5  0
procs -----------memory---------- ---swap-- -----io---- -system-- -------cpu-------
 r  b   swpd   free   buff  cache   si   so    bi    bo   in   cs us sy id wa st gu
 0  0      0 7433864   8372 150784    0    0    51     6 3898 3270  9 21 64  0  6  0
 0  0      0 7443044   8372 150784    0    0     0     5 4219 3530 10 25 58  0  6  0
 1  0      0 7469344   8372 151408    0    0   127     5 1960  726  1  2 92  0  5  0
 0  0      0 7444548  10396 163012    0    0  2708   210 2401 1023  5  3 88  1  3  0
 3  0      0 7450936  10396 163220    0    0    42    13 4511 3940 11 27 51  0 11  0
 0  0      0 7438320  10396 163636    0    0    84     6 2849 1790  5 11 80  0  4  0
 0  0      0 7438132  10396 163640    0    0    15     6 3650 3033  9 22 64  0  5  0
 0  0      0 7415800  10396 163752    0    0    22     6 4485 3838 12 28 47  0 13  0
 6  0      0 7438556  10664 165104    0    0   330     6 4435 3665 11 27 49  0 14  0
 6  0      0 7447524  11096 165608    0    0   166   287 3432 2270  7 17 59  1 16  0
 1  0      0 7429388  11096 166140    0    0    73    14 3670 2797  8 20 65  0  7  0
 0  0      0 7430008  11096 166148    0    0     3     7 4136 3344 10 26 57  0  7  0
 0  0      0 7448240  11096 166392    0    0    55     6 1939  722  1  2 93  0  5  0
 0  0      0 7449652  11096 166460    0    0    13     5 1921  684  0  1 95  0  4  0
 0  0      0 7451060  11096 166552    0    0    17     5 1908  676  0  1 94  0  5  0
 0  0      0 7449828  11104 166596    0    0     8   273 1756  676  0  1 96  0  3  0
 0  0      0 7448572  11104 166708    0    0    10    12 1649  629  0  1 98  0  1  0
 0  0      0 7445888  11104 166712    0    0     0     6 1881  691  0  1 98  0  1  0
 0  0      0 7448580  11104 166812    0    0    18     8 1931  688  0  1 94  0  4  0
