procs -----------memory---------- ---swap-- -----io---- -system-- -------cpu-------
 r  b   swpd   free   buff  cache   si   so    bi    bo   in   cs us sy id wa st gu
 4  0      0 259000 502312 6732108    0    0    73   568 4778   12 20 12 57  0 10  0
 6  0      0 248940 502312 6732108    0    0     0   164 13008 21034 18 49 33  0  1  0
 6  0      0 252892 502312 6732108    0    0     0     2 7756 10756 13 30 56  0  1  0
 6  0      0 254984 502312 6732108    0    0     0     3 15736 27843 20 48 32  0  0  0
 6  0      0 277156 502312 6732124    0    0     0   811 7982 11017 13 31 55  0  1  0
 6  0      0 253252 502312 6732124    0    0     0   959 13193 21541 20 48 32  0  0  0
 0  0      0 282844 502312 6732124    0    0     0     3 10980 18061 14 31 54  0  1  0
 5  0      0 231568 502312 6732124    0    0     0     2 10758 15758 17 49 33  0  0  0
 0  0      0 275640 502312 6732124    0    0     0     3 10605 16959 14 35 51  0  0  0
 6  0      0 229728 502312 6732124    0    0     0     2 13308 22137 18 46 36  0  0  0
 0  0      0 297648 502316 6732120    0    0     0     2 8517 11835 15 37 47  0  1  0
 0  0      0 295484 502316 6731852    0    0     0    34 1915  756  3  1 96  0  0  0
 0  0      0 308736 502316 6731852    0    0     0   172 1819  774  1  1 98  0  1  0
 0  0      0 320772 502316 6731888    0    0     0     7 2258 1030  1  2 96  0  0  0
 6  0      0 256036 502316 6731888    0    0    26     5 1969  876  4  1 94  0  1  0
 5  0      0 172792 496272 6504960    0    0    78     5 3404 2666 21  6 72  0  1  0
 0  0      0 247124 495624 6201180    0    0    17   201 4042 3456 30  6 62  0  2  0
 5  0      0 268296 495276 6007432    0    0     0     7 3361 2976  8 21 69  0  2  0
 2  0      0 151536 495280 6010596    0    0     0   266 5708 5340 12 56 31  0  1  0
 2  0      0 164716 454880 5745728    0    0     0     4 6366 6016 45 21 33  0  0  0
 2  0      0 341244 454100 5526748    0    0     0     5 5108 4514 47  8 45  0  0  0
procs -----------memory---------- ---swap-- -----io---- -system-- -------cpu-------
 r  b   swpd   free   buff  cache   si   so    bi    bo   in   cs us sy id wa st gu
 2  0      0 209760 452776 5426056    0    0     1     7 3119 1394 48  3 49  0  0  0
 2  0      0 211852 448288 4917872    0    0     0    94 3081 1187 44  8 48  0  0  0
 6  0      0 219204 406940 4443760    0    0     0     4 3256 1215 44  9 47  0  0  0
 2  0      0 151956 395316 4027880    0    0     2    59 3231 1236 44  8 46  0  2  0
 6  0      0 202172 370480 3747284    0    0     6    70 3204 1283 47  5 48  0  0  0
 2  0      0 204652  97360 3610664    0    0     0    46 3161 1245 46  6 48  0  0  0
 6  0      0 183608  45380 3228832    0    0    58     6 3498 1184 43 13 43  0  1  0
 5  0      0 226964  34720 2728516    0    0   102    65 3404 1249 43 12 45  0  0  0
 2  0      0 217720  32584 2307880    0    0     0    38 3393 1114 44 11 44  0  1  0
 2  0      0 214864  29348 1967904    0    0     0    19 3278 1091 43 10 46  0  1  0
 6  0      0 156944  28804 1730324    0    0    67    47 3366 1131 43 12 43  0  2  0
 6  0      0 144112  17880 1484672    0    0    27     6 3383 1162 44 11 43  0  2  0
10  0      0 165044  12264 1232248    0    0     0    53 3020 1025 41  8 47  0  3  0
 3  0      0 159744   7684 939580    0    0     0     3 3406 1067 42 12 44  0  2  0
 2  0      0 167280    352 698800    0    0  3150     4 3748 1487 41 18 35  1  5  0
 3  0      0 373172   1124 284116    0    0 11219    31 4174 1766 39 27 27  1  6  0
 6  0      0 352868   1416 206528    0    0  1718    38 3181 1393 46  5 45  0  4  0
 6  0      0 258628   2608 211308    0    0  1262     4 3159 1435 48  3 47  0  2  0
 6  0      0 207076   1312 152136    0    0   202     4 3039 1303 47  4 48  0  1  0
 6  0      0 164964    168 103600    0    0    94     4 3043 1215 46  4 47  0  2  0
 7  0      0 3299260   1564 102416    0    0 68017    15 5346 2298 26 36 27  6  6  0
procs -----------memory---------- ---swap-- -----io---- -system-- -------cpu-------
 r  b   swpd   free   buff  cache   si   so    bi    bo   in   cs us sy id wa st gu
 1  0      0 3706228   2420 106280    0    0  1036   286 3595  977 25 18 50  1  5  0
 1  0      0 3462456   2424 106016    0    0    94     8 2692  847 27  4 68  0  1  0
 1  0      0 3266636   2424 105532    0    0     0     5 2448  808 26  4 69  0  1  0
 1  0      0 3003856   2548 105156    0    0    67     4 2649  863 27  3 69  0  1  0
 1  0      0 2718456   4264 114564    0    0  2358     2 2620  923 27  3 68  0  1  0
 1  0      0 2489852   4264 113384    0    0     0     6 2554  843 27  3 69  0  1  0
 1  0      0 2266476   4280 112944    0    0   138    18 2826  843 27  3 69  0  1  0
 1  0      0 2152572   4280 113936    0    0   193    14 2758  719 27  1 70  0  1  0
 5  0      0 2033632   4280 114180    0    0    66    44 2395  774 27  2 70  0  1  0
 1  0      0 1802828   4280 114148    0    0     0     4 2758  969 27  3 68  0  1  0
 4  0      0 1526352   4280 114652    0    0   183     2 2848 1001 27  3 69  0  1  0
 1  0      0 1326604   4280 115848    0    0   255    41 2797  932 27  3 68  0  2  0
 1  0      0 1285412   4280 116056    0    0    90     4 2663  997 31  2 65  0  2  0
 1  0      0 1287124   4292 115900    0    0    26    43 2706  894 28  2 68  0  1  0
 2  0      0 1288424   4292 116076    0    0    82    45 3003  967 31  2 64  0  2  0
 1  0      0 1289516   4292 115852    0    0     0     6 2727  853 28  2 66  0  4  0
 1  0      0 1283360   4292 115660    0    0     0     2 2635  926 30  1 67  0  1  0
 1  0      0 1284684   4292 115472    0    0     0     4 2803  892 29  2 68  0  2  0
 1  0      0 1299320   4292 115136    0    0     0     4 2837  952 30  2 67  0  2  0
 1  0      0 1311680   4300 115060    0    0    73    54 2760  919 29  2 67  0  2  0
 5  0      0 1314672   4300 114516    0    0     0    10 2730  957 30  2 67  0  1  0
procs -----------memory---------- ---swap-- -----io---- -system-- -------cpu-------
 r  b   swpd   free   buff  cache   si   so    bi    bo   in   cs us sy id wa st gu
 1  0      0 1318108   4300 114000    0    0     0     4 2463  870 28  2 68  0  3  0
 1  0      0 1320204   4300 114172    0    0   122     2 2804  960 30  2 66  0  2  0
 1  0      0 1338924   4300 113632    0    0     0     4 2654  917 29  1 68  0  1  0
 1  0      0 1340584   4300 113248    0    0     0     2 2781  895 30  2 64  0  4  0
 1  0      0 1342964   4308 112908    0    0     0    12 2810  848 27  2 65  0  5  0
 2  0      0 1343280   4308 112608    0    0     0     7 2509  845 27  2 67  0  4  0
 4  0      0 1345948   4308 112224    0    0     0     4 2721  917 29  2 64  0  4  0
 1  0      0 1349292   4308 111876    0    0     0     4 2910  836 28  2 63  0  7  0
 1  0      0 1322460   4308 111604    0    0     0     2 2796  833 26  2 65  0  6  0
 4  0      0 1339556   4308 111336    0    0     0     4 2833  926 30  2 63  0  5  0
 2  0      0 1347556   4316 110900    0    0     0     6 2487  851 28  2 67  0  3  0
 0  0      0 1346404   4316 110536    0    0     0     4 2469  863 25  2 71  0  2  0
 1  0      0 1342624   4316 110828    0    0    58     2 1860  669  0  1 96  0  3  0
 1  0      0 1342624   4316 110812    0    0     0    50 1857  653  0  1 97  0  3  0
 0  0      0 1342120   4316 111012    0    0    14     2 1632  650  0  1 96  0  2  0
 0  0      0 1341868   4316 111012    0    0     0    46 1413  585  0  1 98  0  1  0
 1  0      0 1313700   5304 114192    0    0   523     3 3579 2092 24  4 67  0  4  0
 1  0      0 1313476   5312 114192    0    0     0    18 2838 1445 23  3 67  0  7  0
 2  0      0 1313000   5312 114208    0    0     0    11 2896 1370 27  3 63  0  7  0
 1  0      0 1310924   5316 115268    0    0    65     5 2713  871 28  4 64  0  5  0
 2  0      0 1312692   5316 115172    0    0     0     5 2780  868 26  2 63  0  9  0
procs -----------memory---------- ---swap-- -----io---- -system-- -------cpu-------
 r  b   swpd   free   buff  cache   si   so    bi    bo   in   cs us sy id wa st gu
 1  0      0 1317948   5324 115076    0    0     0    15 2573  831 24  2 62  0 12  0
 2  0      0 1324044   5324 114316    0    0    10    13 2348  802 24  2 62  0 12  0
 1  0      0 1250740   5324 120932    0    0     0     6 2946 1041 29  5 56  0 10  0
 5  0      0 1259888   5324 120840    0    0     0     2 2882  909 27  2 65  0  6  0
 5  0      0 1260172   5324 120744    0    0     0     4 2619  867 27  2 66  0  5  0
 1  0      0 1220204   5324 124456    0    0     0     4 3310 1381 28  6 60  0  7  0
 1  0      0 1221280   5332 124448    0    0     0    17 2627  937 30  2 65  0  4  0
 2  0      0 1221140   5340 124448    0    0    33    18 2821  888 27  2 66  0  4  0
 1  0      0 1252632   5340 120744    0    0     0     4 2689  919 26  4 63  0  7  0
 1  0      0 1175064   5340 128248    0    0     0    44 2782 1207 28  5 63  0  4  0
 1  0      0 1175064   5340 128056    0    0     0     2 2533  992 29  2 64  0  5  0
 1  0      0 1199796   5340 127960    0    0     0     3 2602  854 27  2 66  0  6  0
 3  0      0 1195332   5340 128080    0    0     0     2 3578 1008 29 23 43  0  4  0
 7  0      0 1186760   5500 133300    0    0   866     5 4510 1122 31 51 17  0  1  0
 3  0      0 1189708   5508 134200    0    0     0    86 4296  929 28 51 18  0  2  0
 3  0      0 1184144   5508 135280    0    0     0    16 4232  943 29 50 18  0  3  0
 4  0      0 1180000   5508 135988    0    0     0     2 4201  896 28 50 18  0  4  0
 6  0      0 1140968   5508 142008    0    0     0     3 4391 1027 31 50 15  0  4  0
 3  0      0 1138980   5508 142736    0    0     0     2 4353  872 28 50 17  0  5  0
 7  0      0 1135832   5508 143404    0    0     0     3 4087  894 28 50 18  0  3  0
 7  0      0 1132044   5516 144192    0    0     0    11 4279  883 28 51 18  0  3  0
procs -----------memory---------- ---swap-- -----io---- -system-- -------cpu-------
 r  b   swpd   free   buff  cache   si   so    bi    bo   in   cs us sy id wa st gu
 3  0      0 1066520   5516 153980    0    0     0     9 4322 1290 31 51 18  0  1  0
 3  0      0 1060344   5516 155236    0    0     0     2 4311 1071 29 51 18  0  1  0
 3  0      0 1057124   5516 157140    0    0     0     3 4597 1233 30 51 17  0  1  0
 1  0      0 1082432   5516 142096    0    0     0     3 4065 1265 30 34 36  0  1  0
 4  0      0 1018880   5516 150032    0    0     0     5 3827 1015 29 36 33  0  2  0
 3  0      0 989896   5524 150904    0    0     0    16 4300 1038 31 51 17  0  1  0
 3  0      0 991404   5524 151796    0    0     0    10 4222  992 29 51 19  0  1  0
 3  0      0 985408   5524 152916    0    0    44     3 4333  995 29 52 19  0  1  0
 3  0      0 1002856   5524 154072    0    0    18    41 4563 1082 31 51 16  0  1  0
 8  0      0 1000400   5524 155168    0    0     0     4 4545  985 29 51 19  0  1  0
 3  0      0 996908   5524 156328    0    0    26    28 4506  961 30 51 18  0  1  0
 3  0      0 993604   5532 157080    0    0     0    13 4483  996 31 51 17  0  1  0
 7  0      0 990200   5532 157772    0    0     0     8 4392  898 29 51 18  0  3  0
 7  0      0 987768   5532 158528    0    0     0    38 4121  943 28 51 19  0  1  0
 3  0      0 983580   5532 159188    0    0     0     2 4228  961 29 51 19  0  1  0
 5  0      0 913584   5532 167840    0    0    13     3 4417 1199 32 51 16  0  1  0
 7  0      0 871628   5532 164648    0    0     0    38 3702 1247 30 25 44  0  2  0
 3  0      0 883392   5540 165596    0    0     0    21 4552 1035 29 51 18  0  1  0
 8  0      0 889672   5540 166500    0    0     0    16 4422  992 29 51 19  0  1  0
 3  0      0 859800   5540 167520    0    0     0     3 4396 1139 30 51 16  0  4  0
 3  0      0 865300   5540 169060    0    0     0     2 4518 1304 29 52 19  0  0  0
procs -----------memory---------- ---swap-- -----io---- -system-- -------cpu-------
 r  b   swpd   free   buff  cache   si   so    bi    bo   in   cs us sy id wa st gu
 3  0      0 867484   5540 169792    0    0     0     3 4411  979 29 51 18  0  2  0
 4  0      0 864176   5540 170480    0    0    16     2 4301  902 28 51 19  0  3  0
 8  0      0 868412   5540 171152    0    0     0    30 4232 1132 32 51 15  0  1  0
 3  0      0 865596   5548 171788    0    0     0     9 4245  924 28 51 19  0  2  0
 3  0      0 865740   5548 172988    0    0     0     5 4393 1177 29 51 19  0  0  0
 8  0      0 862836   5548 173812    0    0     0     2 4274  958 28 51 19  0  2  0
 4  0      0 861172   5548 174440    0    0     0     4 4416 1032 32 50 15  0  3  0
 1  0      0 804852   5548 169120    0    0     0     3 4004 1034 29 32 33  0  5  0
